   12270.000000000000        4.0000000000000000        35134.408544365477        2.5518479300696502     
   12270.000000000000        4.0000000000000000        36207.776879801022        2.4826891999558662     
   12270.000000000000        4.0000000000000000        36442.384711556209        2.4631242044706059     
   12270.000000000000        4.0000000000000000        36708.650744164566        2.4440142983743796     
   12270.000000000000        4.0000000000000000        37222.139762925101        2.4186658097536498     
   12270.000000000000        4.0000000000000000        38189.280852669224        2.3840929901477708     
   12270.000000000000        4.0000000000000000        39896.267684561040        2.3360723392426053     
   12270.000000000000        4.0000000000000000        42690.334565957353        2.2692759815602312     
   12270.000000000000        4.0000000000000000        46854.664464765650        2.1815218690264970     
   12270.000000000000        4.0000000000000000        52389.000706411716        2.0802084474432743     
   12270.000000000000        4.0000000000000000        58863.454939897259        1.9823888197475688     
   12270.000000000000        4.0000000000000000        65542.821978079082        1.9050270069539481     
   12270.000000000000        4.0000000000000000        71688.703923609384        1.8551410435587519     
   12270.000000000000        4.0000000000000000        76750.452210422271        1.8278793652750067     
   12270.000000000000        4.0000000000000000        80378.570332076546        1.8114860340709922     
   12270.000000000000        4.0000000000000000        82190.175180950115        1.8008186127737020     
