   1.8287999629974001        0.0000000000000000     
   1.1085981130600000        0.0000000000000000     
  0.58795362710953003        0.0000000000000000     
  0.32522821426392001        0.0000000000000000     
  0.21640811860560999        0.0000000000000000     
  0.17507265508174999        0.0000000000000000     
  0.15989267826080000        0.0000000000000000     
  0.15438745915890001        0.0000000000000000     
  0.15240000188350999        0.0000000000000000     
  0.15020665526390001       -1.2098590377718000E-004
  0.14454683661461001       -4.2615481652318998E-004
  0.13209053874016000       -1.2252477463335000E-003
  0.11903928965330000       -2.0606562029569999E-003
  0.10551551729441000       -2.9035371262580000E-003
   9.1658726334572005E-002  -3.6584197077900002E-003
   7.7625699341296997E-002  -4.2359358631074004E-003
   6.3584432005882000E-002  -4.5487815514206999E-003
   4.9707483500241997E-002  -4.4991113245486996E-003
   3.6162141710519999E-002  -4.1522635146976003E-003
   2.3100046440959001E-002  -3.5157781094313002E-003
   1.0660207830369001E-002  -2.5038737803697998E-003
   3.5032979212701000E-003  -1.5145570505409999E-003
   1.1531609343365000E-003  -9.2541275080293005E-004
   2.3072108160704000E-004  -4.3469300726429002E-004
   0.0000000000000000        0.0000000000000000     
   2.3072106705513001E-004   4.3469300726429002E-004
   1.1531630298123000E-003   9.2541350750252995E-004
   3.5032988525927002E-003   1.5145571669564000E-003
   1.0660208761692000E-002   2.5038740132004001E-003
   2.3100046440959001E-002   3.5157781094313002E-003
   3.6162141710519999E-002   4.1522635146976003E-003
   4.9707483500241997E-002   4.4991113245486996E-003
   6.3584432005882000E-002   4.5487815514206999E-003
   7.7625699341296997E-002   4.2359358631074004E-003
   9.1658733785152005E-002   3.6584197077900002E-003
  0.10551551729441000        2.9035371262580000E-003
  0.11903928965330000        2.0606562029569999E-003
  0.13209053874016000        1.2252477463335000E-003
  0.14454683661461001        4.2615481652318998E-004
  0.15020665526390001        1.2098590377718000E-004
  0.15240000188350999        0.0000000000000000     
  0.15438745915890001        0.0000000000000000     
  0.15989267826080000        0.0000000000000000     
  0.17507265508174999        0.0000000000000000     
  0.21640811860560999        0.0000000000000000     
  0.32522821426392001        0.0000000000000000     
  0.58795362710953003        0.0000000000000000     
   1.1085981130600000        0.0000000000000000     
   1.8287999629974001        0.0000000000000000     
   1.8287999629974001       -8.6311233462765997E-004
   1.1086122989655001       -8.6859677685425000E-004
  0.58799475431442005       -8.6898339213802999E-004
  0.32528999447822998       -8.6860061855986996E-004
  0.21646648645401001       -8.6775392992421996E-004
  0.17512153089046001       -8.6611299775541002E-004
  0.15993772447109000       -8.6188281420618003E-004
  0.15443453192711001       -8.5108482744545005E-004
  0.15245087444781999       -8.6291279876605002E-004
  0.15025752782821999       -9.8389876075088999E-004
  0.14459770917892001       -1.2890676734969000E-003
  0.13214431703091001       -2.0846128463745000E-003
  0.11909329146147000       -2.9174848459660998E-003
  0.10556590557098000       -3.7584975361824001E-003
   9.1699853539466997E-002  -4.5125130563973999E-003
   7.7653795480727997E-002  -5.0899363122879999E-003
   6.3593208789824995E-002  -5.4030087776482001E-003
   4.9695085734129001E-002  -5.3547504357994002E-003
   3.6131750792265001E-002  -5.0091417506337001E-003
   2.3047674447298001E-002  -4.3737161904572998E-003
   1.0572089813650000E-002  -3.3647015225142002E-003
   3.3634908031672001E-003  -2.5038395542650999E-003
   8.1777875311673002E-004  -2.0581204444169998E-003
  -5.8274931507185004E-004  -1.2806036975235001E-003
  -1.1226201895624000E-003   6.1531557626892999E-011
  -5.8274879120289997E-004   1.2806038139388000E-003
   8.1778073217719999E-004   2.0581211429089000E-003
   3.3634917344897998E-003   2.5038397870957999E-003
   1.0572089813650000E-002   3.3647015225142002E-003
   2.3047674447298001E-002   4.3737161904572998E-003
   3.6131750792265001E-002   5.0091417506337001E-003
   4.9695085734129001E-002   5.3547504357994002E-003
   6.3593208789824995E-002   5.4030087776482001E-003
   7.7653795480727997E-002   5.0899363122879999E-003
   9.1699853539466997E-002   4.5125130563973999E-003
  0.10556590557098000        3.7584973033517998E-003
  0.11909329146147000        2.9174848459660998E-003
  0.13214431703091001        2.0846128463745000E-003
  0.14459770917892001        1.2890676734969000E-003
  0.15025752782821999        9.8389876075088999E-004
  0.15245087444781999        8.6291279876605002E-004
  0.15443453192711001        8.5108482744545005E-004
  0.15993772447109000        8.6188281420618003E-004
  0.17512153089046001        8.6611299775541002E-004
  0.21646648645401001        8.6775392992421996E-004
  0.32528999447822998        8.6860061855986996E-004
  0.58799475431442005        8.6898339213802999E-004
   1.1086122989655001        8.6859677685425000E-004
   1.8287999629974001        8.6311233462765997E-004
   1.8287999629974001       -2.7079745195806000E-003
   1.1086535453796000       -2.7275038883090002E-003
  0.58812165260314997       -2.7285709511489001E-003
  0.32549926638603000       -2.7267592959105999E-003
  0.21666586399078000       -2.7232416905463002E-003
  0.17528721690178001       -2.7166560757905002E-003
  0.16008862853049999       -2.7012981008738002E-003
  0.15458077192306999       -2.6791917625815002E-003
  0.15256018936634000       -2.7073146775365002E-003
  0.15036682784557001       -2.8283004648983001E-003
  0.14470700919627999       -3.1334694940597001E-003
  0.13225620985031000       -3.9095850661396998E-003
  0.11920507252216000       -4.7282311134040000E-003
  0.10567027330398999       -5.5575487203896002E-003
   9.1785341501236004E-002  -6.3048251904546998E-003
   7.7712386846541998E-002  -6.8796402774751004E-003
   6.3611991703510007E-002  -7.1925134398043000E-003
   4.9670401960611003E-002  -7.1523534134030004E-003
   3.6069616675377003E-002  -6.8152206949889998E-003
   2.2939058020711001E-002  -6.1891912482679003E-003
   1.0432320646942000E-002  -5.2441665902734002E-003
   3.3467400353401999E-003  -5.0707869231701001E-003
  -2.8843634936492999E-005  -4.5417523942888000E-003
  -2.3976606316864000E-003  -2.7540915179997999E-003
  -3.3194860443473001E-003   5.2780330106472000E-010
  -2.3976597003639000E-003   2.7540922164917001E-003
  -2.8841641324107000E-005   4.5417533256113998E-003
   3.3467414323241000E-003   5.0707873888313996E-003
   1.0432321578264001E-002   5.2441670559346997E-003
   2.2939058020711001E-002   6.1891912482679003E-003
   3.6069616675377003E-002   6.8152211606503001E-003
   4.9670401960611003E-002   7.1523534134030004E-003
   6.3611991703510007E-002   7.1925134398043000E-003
   7.7712386846541998E-002   6.8796402774751004E-003
   9.1785348951817003E-002   6.3048251904546998E-003
  0.10567027330398999        5.5575487203896002E-003
  0.11920507252216000        4.7282311134040000E-003
  0.13225620985031000        3.9095850661396998E-003
  0.14470700919627999        3.1334694940597001E-003
  0.15036682784557001        2.8283004648983001E-003
  0.15256018936634000        2.7073146775365002E-003
  0.15458077192306999        2.6791917625815002E-003
  0.16008862853049999        2.7012981008738002E-003
  0.17528721690178001        2.7166560757905002E-003
  0.21666586399078000        2.7232416905463002E-003
  0.32549926638603000        2.7267592959105999E-003
  0.58812165260314997        2.7285709511489001E-003
   1.1086535453796000        2.7275038883090002E-003
   1.8287999629974001        2.7079745195806000E-003
   1.8287999629974001       -6.7104371264576999E-003
   1.1087449789046999       -6.7541622556745997E-003
  0.58840483427047996       -6.7562353797256999E-003
  0.32596921920776001       -6.7512635141611004E-003
  0.21711431443691001       -6.7419609986245996E-003
  0.17565816640854001       -6.7253750748931997E-003
  0.16041944921017001       -6.6946395672858004E-003
  0.15488430857658000       -6.6730589605868001E-003
  0.15279395878315000       -6.7089763469993999E-003
  0.15060061216354001       -6.8299621343613000E-003
  0.14494079351424999       -7.1351309306920000E-003
  0.13248431682587000       -7.8487107530236001E-003
  0.11943301558494999       -8.6145894601941005E-003
  0.10588429123163000       -9.3985488638281996E-003
   9.1962896287441004E-002  -1.0118128731847000E-002
   7.7834606170654005E-002  -1.0679799132049000E-002
   6.3653513789176996E-002  -1.0989412665367000E-002
   4.9624968320130997E-002  -1.0977752506733000E-002
   3.5945020616055000E-002  -1.0671598836780000E-002
   2.2717198356986001E-002  -1.0080000385642000E-002
   1.0621524415909999E-002  -9.7527597099542999E-003
   3.2653992529958001E-003  -1.0141950100660000E-002
  -2.0387964323162998E-003  -8.6172474548220999E-003
  -5.8490489609540003E-003  -5.0228601321578000E-003
  -7.2884280234575003E-003   1.1234598806809000E-009
  -5.8490480296313997E-003   5.0228619948030004E-003
  -2.0387941040099001E-003   8.6172493174672005E-003
   3.2654008828104002E-003   1.0141950100660000E-002
   1.0621525347233001E-002   9.7527606412768000E-003
   2.2717198356986001E-002   1.0080000385642000E-002
   3.5945020616055000E-002   1.0671598836780000E-002
   4.9624968320130997E-002   1.0977752506733000E-002
   6.3653513789176996E-002   1.0989412665367000E-002
   7.7834606170654005E-002   1.0679799132049000E-002
   9.1962896287441004E-002   1.0118128731847000E-002
  0.10588429123163000        9.3985488638281996E-003
  0.11943301558494999        8.6145894601941005E-003
  0.13248431682587000        7.8487107530236001E-003
  0.14494079351424999        7.1351309306920000E-003
  0.15060061216354001        6.8299621343613000E-003
  0.15279395878315000        6.7089763469993999E-003
  0.15488430857658000        6.6730589605868001E-003
  0.16041944921017001        6.6946395672858004E-003
  0.17565816640854001        6.7253750748931997E-003
  0.21711431443691001        6.7419609986245996E-003
  0.32596921920776001        6.7512635141611004E-003
  0.58840483427047996        6.7562353797256999E-003
   1.1087449789046999        6.7541622556745997E-003
   1.8287999629974001        6.7104371264576999E-003
   1.8287999629974001       -1.5566597692668001E-002
   1.1089473962784000       -1.5647696331143001E-002
  0.58903086185455000       -1.5650864690541999E-002
  0.32700806856155001       -1.5638956800103000E-002
  0.21810884773731001       -1.5617422759533000E-002
  0.17647171020508001       -1.5584066510201000E-002
  0.16111092269421001       -1.5545383095741000E-002
  0.15549600124359000       -1.5530658885837000E-002
  0.15326085686683999       -1.5566137619316999E-002
  0.15106751024723000       -1.5687122941017002E-002
  0.14540769159794001       -1.5992291271687002E-002
  0.13289800286292999       -1.6575386747718000E-002
  0.11985780298710000       -1.7163505777717001E-002
  0.10629393160342999       -1.7793169245123999E-002
   9.2316314578056002E-002  -1.8407953903079002E-002
   7.8080788254738007E-002  -1.8911045044660998E-002
   6.3756205141543995E-002  -1.9209459424018999E-002
   4.9570478498935998E-002  -1.9272070378065002E-002
   3.5731047391891001E-002  -1.9075861200689999E-002
   2.2724356502294998E-002  -1.9017558544874000E-002
   1.1524711735547000E-002  -1.9918091595173000E-002
   1.6901203198358000E-003  -1.8803801387547999E-002
  -6.2908255495130998E-003  -1.5151695348321999E-002
  -1.2139944359659999E-002  -8.6007248610257998E-003
  -1.4342046342790000E-002   1.7579032673964000E-009
  -1.2139942497014999E-002   8.6007285863161000E-003
  -6.2908222898841000E-003   1.5151698142290001E-002
   1.6901222988962999E-003   1.8803803250193998E-002
   1.1524713598192000E-002   1.9918091595173000E-002
   2.2724356502294998E-002   1.9017558544874000E-002
   3.5731051117182000E-002   1.9075861200689999E-002
   4.9570478498935998E-002   1.9272070378065002E-002
   6.3756205141543995E-002   1.9209459424018999E-002
   7.8080788254738007E-002   1.8911045044660998E-002
   9.2316314578056002E-002   1.8407953903079002E-002
  0.10629393160342999        1.7793169245123999E-002
  0.11985780298710000        1.7163505777717001E-002
  0.13289800286292999        1.6575386747718000E-002
  0.14540769159794001        1.5992293134332002E-002
  0.15106751024723000        1.5687122941017002E-002
  0.15326085686683999        1.5566137619316999E-002
  0.15549600124359000        1.5530658885837000E-002
  0.16111092269421001        1.5545383095741000E-002
  0.17647171020508001        1.5584066510201000E-002
  0.21810884773731001        1.5617422759533000E-002
  0.32700806856155001        1.5638956800103000E-002
  0.58903086185455000        1.5650864690541999E-002
   1.1089473962784000        1.5647696331143001E-002
   1.8287999629974001        1.5566597692668001E-002
   1.8287999629974001       -3.5790521651506001E-002
   1.1094080209732000       -3.5915426909923998E-002
  0.59045141935348999       -3.5918191075324998E-002
  0.32936367392540000       -3.5890985280274998E-002
  0.22037887573241999       -3.5845365375279999E-002
  0.17829583585261999       -3.5793635994196001E-002
  0.16253814101219000       -3.5764221101998998E-002
  0.15662886202335000       -3.5763580352068003E-002
  0.15402923524379999       -3.5805549472570003E-002
  0.15183588862419001       -3.5926535725593997E-002
  0.14617606997490001       -3.6231704056262998E-002
  0.13345567882060999       -3.6551617085933998E-002
  0.12034221738577000       -3.6759879440068997E-002
  0.10680227726697999       -3.6937728524207999E-002
   9.2821650207042999E-002  -3.7158727645874003E-002
   7.8503459692000996E-002  -3.7420202046633003E-002
   6.4080238342285004E-002  -3.7707511335611003E-002
   4.9946956336497997E-002  -3.8137432187796000E-002
   3.6672264337539999E-002  -3.9000649005174998E-002
   2.3609956726431999E-002  -3.9540767669677998E-002
   9.3599008396267995E-003  -3.7993758916854997E-002
  -4.0402910672128001E-003  -3.3434085547924000E-002
  -1.5335544943810000E-002  -2.5802899152039999E-002
  -2.3740926757455001E-002  -1.4340932480990999E-002
  -2.6967918500304000E-002   2.6417794618537999E-009
  -2.3740924894810000E-002   1.4340937137603999E-002
  -1.5335542149842001E-002   2.5802902877330999E-002
  -4.0402882732450997E-003   3.3434089273214000E-002
   9.3599027022719002E-003   3.7993758916854997E-002
   2.3609958589076999E-002   3.9540767669677998E-002
   3.6672268062829999E-002   3.9000649005174998E-002
   4.9946956336497997E-002   3.8137432187796000E-002
   6.4080238342285004E-002   3.7707511335611003E-002
   7.8503459692000996E-002   3.7420202046633003E-002
   9.2821650207042999E-002   3.7158727645874003E-002
  0.10680227726697999        3.6937728524207999E-002
  0.12034221738577000        3.6759879440068997E-002
  0.13345567882060999        3.6551617085933998E-002
  0.14617606997490001        3.6231704056262998E-002
  0.15183588862419001        3.5926535725593997E-002
  0.15402923524379999        3.5805549472570003E-002
  0.15662886202335000        3.5763580352068003E-002
  0.16253814101219000        3.5764221101998998E-002
  0.17829585075377999        3.5793635994196001E-002
  0.22037887573241999        3.5845365375279999E-002
  0.32936367392540000        3.5890985280274998E-002
  0.59045141935348999        3.5918191075324998E-002
   1.1094080209732000        3.5915426909923998E-002
   1.8287999629974001        3.5790521651506001E-002
   1.8287999629974001       -6.8241730332375003E-002
   1.1101459264755000       -6.8409085273742995E-002
  0.59271365404128995       -6.8409189581871005E-002
  0.33311405777931002       -6.8359822034835996E-002
  0.22403356432915000       -6.8287365138530995E-002
  0.18127456307411000       -6.8224839866160999E-002
  0.16502936184406000       -6.8195134401320995E-002
  0.15885426104069000       -6.8193487823009005E-002
  0.15581485629082001       -6.8256497383117995E-002
  0.14986127614975001       -6.9551855325699005E-002
  0.13930895924567999       -7.2320006787777003E-002
  0.12628795206547000       -7.4989408254622997E-002
  0.11221481114626000       -7.7061936259270006E-002
   9.7415640950202997E-002  -7.8506492078303999E-002
   8.2076705992221999E-002  -7.9328574240208005E-002
   6.6357292234898002E-002  -7.9513087868690005E-002
   5.0408080220222001E-002  -7.9007469117641005E-002
   3.4311722964047997E-002  -7.7673435211182001E-002
   1.7973015084863000E-002  -7.5148582458495997E-002
   1.2120731407776000E-003  -7.0647262036799996E-002
  -1.5556081198156000E-002  -6.3219793140888006E-002
  -3.1027147546411001E-002  -5.2385535091161999E-002
  -4.3960832059382997E-002  -3.7949286401272000E-002
  -5.2954263985156999E-002  -2.0038638263940999E-002
  -5.6088861078024001E-002  -1.1005499622739999E-008
  -5.2954271435737998E-002   2.0038623362779999E-002
  -4.3960839509964003E-002   3.7949278950691001E-002
  -3.1027153134346001E-002   5.2385531365870999E-002
  -1.5556085854768999E-002   6.3219793140888006E-002
   1.2120695319026999E-003   7.0647262036799996E-002
   1.7973011359572001E-002   7.5148582458495997E-002
   3.4311719238757997E-002   7.7673435211182001E-002
   5.0408080220222001E-002   7.9007469117641005E-002
   6.6357284784317003E-002   7.9513087868690005E-002
   8.2076698541640999E-002   7.9328574240208005E-002
   9.7415640950202997E-002   7.8506492078303999E-002
  0.11221481114626000        7.7061936259270006E-002
  0.12628795206547000        7.4989408254622997E-002
  0.13930895924567999        7.2320006787777003E-002
  0.14986127614975001        6.9551855325699005E-002
  0.15581485629082001        6.8256497383117995E-002
  0.15885426104069000        6.8193487823009005E-002
  0.16502936184406000        6.8195134401320995E-002
  0.18127456307411000        6.8224839866160999E-002
  0.22403356432915000        6.8287365138530995E-002
  0.33311405777931002        6.8359822034835996E-002
  0.59271365404128995        6.8409189581871005E-002
   1.1101459264755000        6.8409085273742995E-002
   1.8287999629974001        6.8241730332375003E-002
   1.8287999629974001      -0.12205492705107000     
   1.1113699674605999      -0.12226106226444000     
  0.59643453359604004      -0.12225437164307000     
  0.33929264545441001      -0.12217605113983000     
  0.23014420270920000      -0.12208322435617000     
  0.18631535768509000      -0.12201946228743001     
  0.16924463212490001      -0.12199130654335000     
  0.16255719959736001      -0.12198919057846000     
  0.15877589583397000      -0.12206926941872000     
  0.14865006506442999      -0.12525922060013001     
  0.13226026296616000      -0.13179491460323001     
  0.11414407193661000      -0.13728398084641000     
   9.4911478459834997E-002 -0.14113865792750999     
   7.4783787131309995E-002 -0.14323417842388000     
   5.3955607116222000E-002 -0.14344637095928001     
   3.2623905688524003E-002 -0.14161521196365001     
   1.1006054468453000E-002 -0.13753370940685000     
  -1.0633413679898000E-002 -0.13094663619995001     
  -3.1949415802956002E-002 -0.12156535685062000     
  -5.2483521401881998E-002 -0.10910403728485001     
  -7.1639880537987005E-002  -9.3369342386722995E-002
  -8.8731847703457004E-002  -7.4372045695781999E-002
 -0.10315139591694000       -5.2353005856276003E-002
 -0.11450365185738000       -2.7717523276805999E-002
 -0.12057935446501000       -4.1228414460192997E-008
 -0.11450366675854000        2.7717456221581002E-002
 -0.10315141826868000        5.2352953702210998E-002
  -8.8731870055199003E-002   7.4372000992298001E-002
  -7.1639902889729004E-002   9.3369312584399997E-002
  -5.2483543753623997E-002  0.10910401493311001     
  -3.1949434429407002E-002  0.12156534940004000     
  -1.0633431375027000E-002  0.13094663619995001     
   1.1006040498614001E-002  0.13753370940685000     
   3.2623890787362997E-002  0.14161519706249001     
   5.3955595940351000E-002  0.14344637095928001     
   7.4783779680728996E-002  0.14323417842388000     
   9.4911471009253998E-002  0.14113865792750999     
  0.11414407193661000       0.13728398084641000     
  0.13226026296616000       0.13179491460323001     
  0.14865006506442999       0.12525922060013001     
  0.15877589583397000       0.12206926941872000     
  0.16255719959736001       0.12198919057846000     
  0.16924463212490001       0.12199130654335000     
  0.18631535768509000       0.12201946228743001     
  0.23014420270920000       0.12208322435617000     
  0.33929264545441001       0.12217605113983000     
  0.59643453359604004       0.12225437164307000     
   1.1113699674605999       0.12226106226444000     
   1.8287999629974001       0.12205492705107000     
   1.8287999629974001      -0.21250639855862000     
   1.1134457588196001      -0.21271164715290000     
  0.60266470909118997      -0.21268872916698001     
  0.34967404603958002      -0.21258190274239000     
  0.24057099223136999      -0.21248571574687999     
  0.19494388997555001      -0.21243159472942000     
  0.17639830708504001      -0.21240961551665999     
  0.16877624392509000      -0.21240948140620999     
  0.16375292837620001      -0.21252001821995001     
  0.14781144261359999      -0.21696634590625999     
  0.12323149293661000      -0.22497919201850999     
   9.6659377217292994E-002 -0.23084619641303999     
   6.8858601152897006E-002 -0.23389221727848000     
   4.0151048451662001E-002 -0.23392659425734999     
   1.0850797407328999E-002 -0.23077701032162001     
  -1.8701333552598998E-002 -0.22426740825176000     
  -4.8122607171534999E-002 -0.21422164142132000     
  -7.6973497867584006E-002 -0.20047569274902000     
 -0.10474520921707001      -0.18289895355701000     
 -0.13085313141346000      -0.16142462193966001     
 -0.15463927388191001      -0.13608939945698001     
 -0.17538721859455000      -0.10707580298185000     
 -0.19234777987002999       -7.4740834534167994E-002
 -0.20473535358906000       -3.9546687155961997E-002
 -0.21042233705520999       -8.3332551525928006E-008
 -0.20473538339138000        3.9546545594931003E-002
 -0.19234782457352001        7.4740715324878998E-002
 -0.17538726329803001       0.10707570612431000     
 -0.15463931858540000       0.13608932495116999     
 -0.13085317611694000       0.16142457723618001     
 -0.10474525392056000       0.18289892375469000     
  -7.6973542571068004E-002  0.20047566294670000     
  -4.8122644424437998E-002  0.21422161161900000     
  -1.8701365217566001E-002  0.22426739335060000     
   1.0850771330297000E-002  0.23077699542046001     
   4.0151026099920002E-002  0.23392659425734999     
   6.8858586251736006E-002  0.23389221727848000     
   9.6659369766711994E-002  0.23084619641303999     
  0.12323148548603000       0.22497919201850999     
  0.14781144261359999       0.21696634590625999     
  0.16375292837620001       0.21252001821995001     
  0.16877624392509000       0.21240948140620999     
  0.17639830708504001       0.21240961551665999     
  0.19494388997555001       0.21243159472942000     
  0.24057099223136999       0.21248571574687999     
  0.34967404603958002       0.21258190274239000     
  0.60266470909118997       0.21268872916698001     
   1.1134457588196001       0.21271164715290000     
   1.8287999629974001       0.21250639855862000     
   1.8287999629974001      -0.35510370135307001     
   1.1168382167816000      -0.35527509450911998     
  0.61266398429871005      -0.35522571206093001     
  0.36634147167205999      -0.35510507225990001     
  0.25756365060806002      -0.35501918196678001     
  0.20907454192638000      -0.35497385263442999     
  0.18799774348736001      -0.35495501756668002     
  0.17868691682815999      -0.35495600104331998     
  0.17159926891326999      -0.35511618852615001     
  0.14666010439395999      -0.35985821485518998     
  0.10977265238762000      -0.36703002452849998     
   7.0836111903191001E-002 -0.37083575129509000     
   3.0845640227199000E-002 -0.37064659595490002     
  -9.8300892859696995E-003 -0.36626130342483998     
  -5.0831668078899002E-002 -0.35748362541199002     
  -9.1759935021399994E-002 -0.34410637617111001     
 -0.13215509057045000      -0.32591992616652998     
 -0.17147707939147999      -0.30272963643074002     
 -0.20908856391906999      -0.27438360452652000     
 -0.24424497783183999      -0.24081195890903001     
 -0.27609735727309997      -0.20207726955413999     
 -0.30371567606925998      -0.15843084454535999     
 -0.32613840699196001      -0.11035909503698001     
 -0.34240904450416998       -5.8461934328079002E-002
 -0.34989038109779003       -1.4869304720833001E-007
 -0.34240910410880998        5.8461673557757998E-002
 -0.32613849639893000       0.11035887151957000     
 -0.30371573567389998       0.15843066573143000     
 -0.27609744668007002       0.20207713544368999     
 -0.24424506723881001       0.24081183969975001     
 -0.20908865332602999       0.27438351511955000     
 -0.17147715389729001       0.30272957682610002     
 -0.13215516507625999       0.32591989636420998     
  -9.1760002076626004E-002  0.34410634636879001     
  -5.0831716507673000E-002  0.35748359560965998     
  -9.8301311954856006E-003  0.36626130342483998     
   3.0845606699586001E-002  0.37064659595490002     
   7.0836089551449002E-002  0.37083575129509000     
  0.10977263748646000       0.36703002452849998     
  0.14666010439395999       0.35985821485518998     
  0.17159926891326999       0.35511618852615001     
  0.17868691682815999       0.35495600104331998     
  0.18799774348736001       0.35495501756668002     
  0.20907454192638000       0.35497385263442999     
  0.25756365060806002       0.35501918196678001     
  0.36634147167205999       0.35510507225990001     
  0.61266398429871005       0.35522571206093001     
   1.1168382167816000       0.35527509450911998     
   1.8287999629974001       0.35510370135307001     
   1.8287999629974001      -0.57373929023742998     
   1.1225849390030000      -0.57383567094803001     
  0.62915229797363004      -0.57374799251555997     
  0.39338004589080999      -0.57362985610962003     
  0.28548413515090998      -0.57355833053589000     
  0.23245526850223999      -0.57351994514464999     
  0.20691181719303001      -0.57350289821625000     
  0.19435039162636000      -0.57350569963455000     
  0.18362957239151001      -0.57375007867812999     
  0.14606083929538999      -0.57758331298828003     
   9.2866048216819999E-002 -0.58137291669846003     
   3.7867832928895999E-002 -0.58080828189849998     
  -1.7895957455039000E-002 -0.57539147138596003     
  -7.4213400483131006E-002 -0.56482648849487005     
 -0.13086143136024000      -0.54875618219375999     
 -0.18753555417060999      -0.52675485610962003     
 -0.24381139874457999      -0.49833920598030002     
 -0.29910299181937999      -0.46299466490746000     
 -0.35261976718902999      -0.42022222280501997     
 -0.40333172678946999      -0.36961346864700001     
 -0.44995900988579002      -0.31095367670058999     
 -0.49100303649902000      -0.24435013532638999     
 -0.52483594417571999      -0.17036202549933999     
 -0.54978811740875000       -8.9885212481022006E-002
 -0.56138002872466997       -2.4780584340077999E-007
 -0.54978817701339999        8.9884780347346996E-002
 -0.52483606338500999       0.17036166787147999     
 -0.49100315570830999       0.24434985220432001     
 -0.44995912909508001       0.31095343828201000     
 -0.40333184599875999       0.36961328983307001     
 -0.35261991620063998       0.42022207379340998     
 -0.29910311102866999       0.46299457550049000     
 -0.24381151795386999       0.49833911657333002     
 -0.18753565847874001       0.52675479650497004     
 -0.13086150586605000       0.54875618219375999     
  -7.4213467538357003E-002  0.56482648849487005     
  -1.7896011471748002E-002  0.57539147138596003     
   3.7867791950703000E-002  0.58080828189849998     
   9.2866025865078000E-002  0.58137291669846003     
  0.14606082439422999       0.57758331298828003     
  0.18362957239151001       0.57375007867812999     
  0.19435039162636000       0.57350569963455000     
  0.20691181719303001       0.57350289821625000     
  0.23245526850223999       0.57351994514464999     
  0.28548413515090998       0.57355833053589000     
  0.39338004589080999       0.57362985610962003     
  0.62915229797363004       0.57374799251555997     
   1.1225849390030000       0.57383567094803001     
   1.8287999629974001       0.57373929023742998     
   1.8287999629974001      -0.89505708217621005     
   1.1329724788666000      -0.89504987001419001     
  0.65795648097991999      -0.89491176605224998     
  0.43846717476844999      -0.89479297399520996     
  0.33239895105362000      -0.89472597837447998     
  0.27214029431343001      -0.89468669891357000     
  0.23836338520049999      -0.89466685056686002     
  0.21897807717323001      -0.89467215538025002     
  0.20130991935730000      -0.89506524801253995     
  0.14962559938431000      -0.89713311195374001     
   8.0557428300380998E-002 -0.89645355939865001     
   9.7210267558694007E-003 -0.89128792285919001     
  -6.2223296612500999E-002 -0.88118588924408003     
 -0.13550728559493999      -0.86557424068451005     
 -0.21034294366837000      -0.84368807077408003     
 -0.28683874011040000      -0.81453704833983998     
 -0.36493408679962003      -0.77687728404999001     
 -0.44429522752762002      -0.72919100522994995     
 -0.52415817975998003      -0.66970968246460005     
 -0.60311931371688998      -0.59653341770171997     
 -0.67896080017089999      -0.50785082578659002     
 -0.74844974279403997      -0.40249088406562999     
 -0.80737435817719005      -0.28092768788338002     
 -0.85126096010207997      -0.14560987055301999     
 -0.87095403671265004       -3.9288502762246999E-007
 -0.85126107931136996       0.14560920000076000     
 -0.80737453699112005       0.28092715144156999     
 -0.74844992160796997       0.40249046683311002     
 -0.67896103858947998       0.50785052776337003     
 -0.60311955213546997       0.59653311967849998     
 -0.52415835857391002       0.66970944404601995     
 -0.44429540634155001       0.72919088602065996     
 -0.36493423581123002       0.77687716484070002     
 -0.28683888912201000       0.81453698873519997     
 -0.21034304797649001       0.84368801116943004     
 -0.13550737500191001       0.86557418107985995     
  -6.2223371118307003E-002  0.88118582963943004     
   9.7209708765148995E-003  0.89128792285919001     
   8.0557391047478000E-002  0.89645349979401001     
  0.14962558448315000       0.89713311195374001     
  0.20130991935730000       0.89506524801253995     
  0.21897807717323001       0.89467215538025002     
  0.23836338520049999       0.89466685056686002     
  0.27214029431343001       0.89468669891357000     
  0.33239895105362000       0.89472597837447998     
  0.43846717476844999       0.89479297399520996     
  0.65795648097991999       0.89491176605224998     
   1.1329724788666000       0.89504987001419001     
   1.8287999629974001       0.89505708217621005     
   1.8287999629974001       -1.3390487432480001     
   1.1517289876937999       -1.3389544487000000     
  0.71096432209015004       -1.3387919664382999     
  0.51807349920273005       -1.3386598825455001     
  0.41638863086700001       -1.3385640382766999     
  0.34474009275436002       -1.3384840488434000     
  0.29460579156875999       -1.3384244441986000     
  0.25881043076514998       -1.3384093046187999     
  0.22574031352997001       -1.3390533924103001     
  0.16555713117123000       -1.3403270244598000     
   9.3190200626850003E-002  -1.3386776447296000     
   1.8550774082541001E-002  -1.3340142965316999     
  -5.8652870357037000E-002  -1.3258372545242001     
 -0.13937538862227999       -1.3133304119110001     
 -0.22464832663536000       -1.2953817844391000     
 -0.31555548310280002       -1.2704224586487001     
 -0.41328567266464000       -1.2363027334212999     
 -0.51916885375976995       -1.1899397373199001     
 -0.63468730449677002       -1.1267244815826001     
 -0.76135027408599998       -1.0395001173019001     
 -0.90118366479874001      -0.91540992259979004     
  -1.0486501455307000      -0.73834925889969005     
  -1.1799521446228001      -0.50775945186615001     
  -1.2691160440445000      -0.24776269495486999     
  -1.3014476299286000       -5.9463212664922996E-007
  -1.2691162824630999       0.24776168167591001     
  -1.1799525022507000       0.50775867700577004     
  -1.0486506223679000       0.73834866285323997     
 -0.90118402242661000       0.91540956497192005     
 -0.76135057210921997        1.0394997596741000     
 -0.63468760251999001        1.1267243623734000     
 -0.51916909217833995        1.1899396181107000     
 -0.41328588128089999        1.2363026142119999     
 -0.31555566191673001        1.2704223394394001     
 -0.22464847564696999        1.2953816652298000     
 -0.13937552273272999        1.3133304119110001     
  -5.8652970939875003E-002   1.3258371353149001     
   1.8550699576735000E-002   1.3340142965316999     
   9.3190148472786005E-002   1.3386776447296000     
  0.16555710136890001        1.3403270244598000     
  0.22574031352997001        1.3390533924103001     
  0.25881043076514998        1.3384093046187999     
  0.29460579156875999        1.3384244441986000     
  0.34474009275436002        1.3384840488434000     
  0.41638863086700001        1.3385640382766999     
  0.51807349920273005        1.3386598825455001     
  0.71096432209015004        1.3387919664382999     
   1.1517289876937999        1.3389544487000000     
   1.8287999629974001        1.3390487432480001     
   1.8287999629974001       -1.9029974937439000     
   1.1689826250076001       -1.9029974937439000     
  0.76625263690947998       -1.9029976129532000     
  0.61070668697357000       -1.9029976129532000     
  0.52534562349319003       -1.9029976129532000     
  0.44994425773621000       -1.9029976129532000     
  0.38170644640923002       -1.9029976129532000     
  0.31810167431830999       -1.9029976129532000     
  0.25677129626273998       -1.9029976129532000     
  0.19559124112129000       -1.9053704738617001     
  0.13275010883808000       -1.9068440198898000     
   6.6583521664142997E-002  -1.9071279764175000     
  -4.6439804136753004E-003  -1.9057769775391000     
  -8.2755044102668998E-002  -1.9018051624298000     
 -0.16968350112437999       -1.8941026926041000     
 -0.26741439104080000       -1.8806434869766000     
 -0.37798279523848999       -1.8590136766434000     
 -0.50338435173035001       -1.8259795904160001     
 -0.64529132843018000       -1.7769194841385001     
 -0.80482739210128995       -1.7059322595596000     
  -1.0192482471466000       -1.5800857543944999     
  -1.3341015577316000       -1.3129693269730001     
  -1.6473233699798999      -0.87238782644271995     
  -1.8214349746703999      -0.37784570455550998     
  -1.8592708110809000       -8.5605120148102001E-007
  -1.8214353322982999       0.37784424424170998     
  -1.6473239660262999       0.87238675355911000     
  -1.3341021537780999        1.3129686117171999     
  -1.0192488431930999        1.5800851583480999     
 -0.80482786893845004        1.7059320211411000     
 -0.64529180526732999        1.7769192457198999     
 -0.50338470935821999        1.8259794712066999     
 -0.37798312306404003        1.8590135574341000     
 -0.26741468906402999        1.8806434869766000     
 -0.16968372464180001        1.8941026926041000     
  -8.2755222916603005E-002   1.9018051624298000     
  -4.6441201120614997E-003   1.9057769775391000     
   6.6583424806595001E-002   1.9071279764175000     
  0.13275004923344000        1.9068440198898000     
  0.19559121131897000        1.9053704738617001     
  0.25677129626273998        1.9029976129532000     
  0.31810167431830999        1.9029976129532000     
  0.38170644640923002        1.9029976129532000     
  0.44994425773621000        1.9029976129532000     
  0.52534562349319003        1.9029976129532000     
  0.61070668697357000        1.9029976129532000     
  0.76625263690947998        1.9029976129532000     
   1.1689826250076001        1.9029974937439000     
   1.8287999629974001        1.9029974937439000     
