   1.0000000000000000        1.1000000240000001     
  0.80882841350000001       0.98383021349999999     
  0.67435848710000001       0.93698263169999996     
  0.54531991479999997       0.90759068730000003     
  0.37254652379999997       0.88473862410000004     
  0.14122432469999999       0.87500214580000002     
  -6.6401779650000006E-002  0.88094085450000004     
 -0.21298658849999999       0.89156836269999995     
 -0.30000001189999997       0.89999997620000005     
  0.98498386140000005        1.0113940239999999     
  0.79575175050000002       0.90878152850000005     
  0.66555398700000001       0.86691683529999997     
  0.54148495200000002       0.84020882840000000     
  0.37573385240000001       0.81847232579999996     
  0.15396176280000001       0.80629491809999998     
  -4.5075733210000003E-002  0.80599516630000001     
 -0.18561145660000000       0.80926775929999994     
 -0.26903927329999999       0.81170743700000003     
  0.96657073500000001       0.87562930579999998     
  0.77762550119999996       0.79211103920000003     
  0.65219575169999999       0.75699096919999997     
  0.53408968450000005       0.73361420629999996     
  0.37694615129999998       0.71254926919999995     
  0.16699734329999999       0.69510722160000005     
  -2.1345002580000001E-002  0.68357402089999997     
 -0.15431335569999999       0.67407673599999995     
 -0.23323421180000001       0.66624283790000005     
  0.95447880029999999       0.73916029930000005     
  0.75748634339999998       0.67408835889999996     
  0.63182371849999996       0.64537501340000003     
  0.51513290410000001       0.62503921990000000     
  0.36063486340000001       0.60426920650000004     
  0.15455178920000001       0.58105283980000000     
  -3.0357986690000002E-002  0.55779892210000004     
 -0.16107599440000001       0.53514218329999996     
 -0.23879635330000001       0.51676511759999999     
  0.95058774950000002       0.64937788249999995     
  0.74884796139999998       0.59712666270000003     
  0.62345588210000003       0.57300013299999997     
  0.50809729100000001       0.55500549079999995     
  0.35585230590000000       0.53490650650000005     
  0.15295079349999999       0.50864827629999998     
  -2.9186289760000001E-002  0.47858363390000003     
 -0.15811505910000001       0.44812244179999999     
 -0.23489926759999999       0.42345237730000002     
  0.95007359979999995       0.58281201120000004     
  0.74707758430000004       0.54085338120000004     
  0.62324321270000005       0.52055764199999999     
  0.51009666919999996       0.50468343500000001     
  0.36111533639999999       0.48559799790000002     
  0.16268374029999999       0.45783108470000000     
  -1.5480240810000000E-002  0.42350429299999998     
 -0.14167749880000000       0.38793769480000001     
 -0.21688918770000001       0.35908994080000001     
  0.95259821410000001       0.50001794099999997     
  0.74984079599999998       0.47134697440000001     
  0.62898010019999995       0.45612087849999999     
  0.51951998470000005       0.44315963980000000     
  0.37583068009999998       0.42568385600000003     
  0.18462543190000000       0.39645442370000000     
   1.2954723090000000E-002  0.35711219910000003     
 -0.10868029300000000       0.31532016400000001     
 -0.18119283019999999       0.28130573030000000     
  0.96330451969999997       0.38117688890000001     
  0.76203352209999997       0.37199103830000002     
  0.64605838059999998       0.36430895330000002     
  0.54244571919999995       0.35576030609999998     
  0.40709906820000002       0.34086158870000000     
  0.22730669379999999       0.30976453420000000     
   6.5962918100000004E-002  0.26322764160000001     
  -4.8336062579999999E-002  0.21231429280000000     
 -0.11645317819999999       0.17065931860000000     
   1.0000000000000000       0.20000000300000001     
  0.80034887789999998       0.22091528769999999     
  0.69144749640000003       0.22492553290000000     
  0.59644693140000005       0.22320680320000000     
  0.47346937659999999       0.21224489810000000     
  0.31067994240000002       0.17800569529999999     
  0.16478598119999999       0.11979391430000000     
   6.1500564219999998E-002   5.4079089310000002E-002
   0.0000000000000000        0.0000000000000000     
